taxonID	isMarine	isFreshwater	isTerrestrial	isExtinct
131835	0	1	0	0
132891	0	1	0	0
132892	0	Non-marine	0	0
132896	0	1	0	0
167010	0	1	0	0
167011	Brakish	1	0	0
167012	0	1	0	
167013	0	1	0	0
167014	0	1	-	0
167015	0	1	0	0
167016	0	1	0	0
167017	0	1	0	0
167018	0	1	0	0
167019	0	T	0	0
167020	0	TRUE	0	0
167021	0	1	0	0
167022	0	1	f	0
167023	0	1	FALSE	0
167024	0	1	0	
167026	0	1	0	0
167027	0	1	n	0
167028	0	y	0	0
167029	0	1	0	0
167030	0	1	0	0
167031	0	1	0	0
167032	0	1	0	0
167033	0	1	0	0
167034	0	1	0	0
167035	0	1	0	0
167036	0	1	0	0
167037	0	1	0	
167038	0	1	0	0
167039	0	1	0	
167040	0	1	0	
167041	0	1	0	0
167042	0	1	0	0
167043	0	1	0	0
167044	0	1	0	0
167045	0	1	0	
167046	0	1	0	
167047	0	1	0	0
167048	0	1	0	0
167049	0	1	0	0
167050	0	1	0	
167051	0	1	0	0
167052	0	1	0	0
167053	0	1	0	0
167054	0	1	0	0
167055	0	1	0	0
167056	0	1	0	0
167057	0	1	0	0
167058	0	1	0	0
167059	0	1	0	0
167060	0	1	0	0
167061	0	1	0	0
167062	0	1	0	0
167063	0	1	0	0
167064	0	1	0	0
167070	0	1	0	0
167071	0	1	0	
167072	0	1	0	0
167073	0	1	0	0
167074	0	1	0	
167075	0	1	0	0
167076	0	1	0	0
167077	0	1	0	0
167079	0	1	0	0
167080	0	1	0	0
167081	0	1	0	0
167082	0	1	0	0
167083	0	1	0	0
167084	0	1	0	0
167085	0	1	0	0
167086	0	1	0	0
167087	0	1	0	0
167088	0	1	0	
167089	0	1	0	0
167090	0	1	0	0
167091	0	1	0	0
167092	0	1	0	0
167093	0	1	0	0
167094	0	1	0	0
167095	0	1	0	
167096	0	1	0	
167097	0	1	0	0
167098	0	1	0	0
167099	0	1	0	0
167100	0	1	0	0
167101	0	1	0	
167102	0	1	0	0
167103	0	1	0	0
167104	0	1	0	0
167105	0	1	0	0
167108	0	1	0	0
167109	0	1	0	0
167110	0	1	0	0
167111	0	1	0	0
167112	0	1	0	0
167113	0	1	0	0
167114	0	1	0	0
167115	0	1	0	0
167116	0	1	0	0
167117	0	1	0	0
167118	0	1	0	0
167119	0	1	0	
167120	0	1	0	0
167121	0	1	0	0
167122	0	1	0	
167123	0	1	0	
167124	0	1	0	0
167125	0	1	0	
167126	0	1	0	0
167127	0	1	0	0
167128	0	1	0	
167129	0	1	0	
167130	0	1	0	0
167131	0	1	0	
167132	0	1	0	0
167133	0	1	0	0
167134	0	1	0	
167135	0	1	0	
167136	0	1	0	
167137	0	1	0	0
167138	0	1	0	0
167141	0	1	0	0
167143	0	1	0	0
167144	0	1	0	0
167145	0	1	0	0
167146	0	1	0	0
167147	0	1	0	0
167149	0	1	0	0
167150	0	1	0	0
167151	0	1	0	0
167152	0	1	0	0
167153	0	1	0	0
167154	0	1	0	0
167155	0	1	0	
167156	0	1	0	0
167157	0	1	0	0
167158	0	1	0	0
167159	0	1	0	0
167160	0	1	0	
167161	0	1	0	0
167162	0	1	0	0
167163	0	1	0	0
167164	0	1	0	0
167165	0	1	0	0
167166	0	1	0	0
167167	0	1	0	0
167168	0	1	0	0
167169	0	1	0	0
167170	0	1	0	0
167171	0	1	0	0
167172	0	1	0	
167173	0	1	0	0
167174	0	1	0	0
167175	0	1	0	
167176	0	1	0	0
167177	0	1	0	0
167178	0	1	0	0
167179	0	1	0	
167180	0	1	0	0
167181	0	1	0	0
167182	0	1	0	0
167183	0	1	0	0
167186	0	1	0	0
167187	0	1	0	0
167188	0	1	0	0
167189	0	1	0	0
167190	0	1	0	0
167191	0	1	0	0
167192	0	1	0	0
167193	0	1	0	0
167194	0	1	0	0
167195	0	1	0	0
167196	0	1	0	0
167197	0	1	0	0
167198	0	1	0	0
167199	0	1	0	0
167200	0	1	0	0
167201	0	1	0	0
167202	0	1	0	0
167203	0	1	0	0
167204	0	1	0	0
167205	0	1	0	0
167206	0	1	0	0
167207	0	1	0	0
167208	0	1	0	0
167209	0	1	0	0
167210	0	1	0	0
167211	0	1	0	0
167212	0	1	0	0
167213	0	1	0	0
167214	0	1	0	0
167215	0	1	0	0
167216	0	1	0	0
167217	0	1	0	0
167218	0	1	0	0
167219	0	1	0	0
167220	0	1	0	0
167221	0	1	0	0
167222	0	1	0	0
167223	0	1	0	0
167224	0	1	0	0
167225	0	1	0	
167226	0	1	0	0
167227	0	1	0	0
167228	0	1	0	0
167229	0	1	0	0
167230	0	1	0	0
167231	0	1	0	0
167233	0	1	0	0
167234	0	1	0	0
167235	0	1	0	0
167236	0	1	0	0
167237	0	1	0	0
167238	0	1	0	0
167239	0	1	0	0
167240	0	1	0	0
167241	0	1	0	0
167242	0	1	0	0
167243	0	1	0	0
167244	0	1	0	
167245	0	1	0	0
167246	0	1	0	0
167247	0	1	0	0
167248	0	1	0	0
167249	0	1	0	0
167250	0	1	0	0
167251	0	1	0	0
167252	0	1	0	0
167253	0	1	0	0
167254	0	1	0	
167255	0	1	0	0
167256	0	1	0	0
167257	0	1	0	0
167258	0	1	0	0
167259	0	1	0	0
167260	0	1	0	0
167261	0	1	0	0
167262	0	1	0	0
167263	0	1	0	0
167264	0	1	0	0
167265	0	1	0	0
167266	0	1	0	0
167267	0	1	0	0
167268	0	1	0	0
167269	0	1	0	0
167270	0	1	0	0
167271	0	1	0	0
167272	0	1	0	0
167273	0	1	0	0
167274	0	1	0	0
167275	0	1	0	0
167276	0	1	0	0
167277	0	1	0	
167278	0	1	0	0
167279	0	1	0	0
167280	0	1	0	0
167281	0	1	0	0
169062	0	1	0	
178284	0	1	0	0
184555	0	1	0	0
184623	0	1	0	
184625	0	1	0	
184659	0	1	0	0
184792	0	1	0	0
184832	0	1	0	
184842	0	1	0	
184966	0	1	0	0
190299	0	1	0	0
190300	0	1	0	0
190753	0	1	0	0
190949	0	1	0	0
191051	0	1	0	0
191052	0	1	0	0
191053	0	1	0	0
191054	0	1	0	0
191055	0	1	0	0
191056	0	1	0	0
191057	0	1	0	0
191058	0	1	0	0
191059	0	1	0	0
191060	0	1	0	0
191061	0	1	0	0
191062	0	1	0	0
191063	0	1	0	0
191064	0	1	0	0
191065	0	1	0	0
191565	0	1	0	0
191566	0	1	0	0
191567	0	1	0	0
191568	0	1	0	0
191569	0	1	0	0
191570	0	1	0	0
191571	0	1	0	0
192379	0	1	0	0
192415	0	1	0	0
192416	0	1	0	0
192417	0	1	0	0
192418	0	1	0	0
192419	0	1	0	0
192420	0	1	0	0
192421	0	1	0	0
192422	0	1	0	0
192423	0	1	0	0
192424	0	1	0	0
192425	0	1	0	0
192426	0	1	0	0
192719	0	1	0	0
192720	0	1	0	0
192721	0	1	0	0
192849	0	1	0	0
192850	0	1	0	0
193021	0	1	0	0
193022	0	1	0	0
193023	0	1	0	0
193078	0	1	0	0
193079	0	1	0	0
193858	0	1	0	0
193859	0	1	0	0
193860	0	1	0	0
193861	0	1	0	0
193862	0	1	0	0
193863	0	1	0	0
193864	0	1	0	0
193865	0	1	0	0
193866	0	1	0	0
193868	0	1	0	0
193869	0	1	0	0
193870	0	1	0	0
193871	0	1	0	
193872	0	1	0	0
193873	0	1	0	0
193874	0	1	0	0
193875	0	1	0	0
193876	0	1	0	0
193877	0	1	0	0
193878	0	1	0	0
193879	0	1	0	0
193880	0	1	0	0
193881	0	1	0	0
193882	0	1	0	0
193883	0	1	0	0
193884	0	1	0	0
193885	0	1	0	0
193886	0	1	0	0
193887	0	1	0	0
193888	0	1	0	0
193889	0	1	0	0
193890	0	1	0	0
193891	0	1	0	0
193892	0	1	0	0
193893	0	1	0	0
193894	0	1	0	0
193895	0	1	0	0
193896	0	1	0	0
193897	0	1	0	0
193898	0	1	0	0
193899	0	1	0	0
193900	0	1	0	0
193901	0	1	0	0
193902	0	1	0	0
193903	0	1	0	0
193904	0	1	0	0
193905	0	1	0	0
193906	0	1	0	0
193907	0	1	0	0
193908	0	1	0	0
193909	0	1	0	0
193910	0	1	0	0
193911	0	1	0	0
193912	0	1	0	0
193913	0	1	0	0
193914	0	1	0	0
193915	0	1	0	0
193916	0	1	0	0
193917	0	1	0	0
193918	0	1	0	0
193919	0	1	0	0
193920	0	1	0	0
193921	0	1	0	0
193922	0	1	0	0
193923	0	1	0	0
193924	0	1	0	0
193925	0	1	0	0
193926	0	1	0	0
193927	0	1	0	0
193928	0	1	0	0
193929	0	1	0	0
193930	0	1	0	0
193931	0	1	0	0
193932	0	1	0	0
193933	0	1	0	0
193934	0	1	0	0
193935	0	1	0	0
193936	0	1	0	0
193937	0	1	0	0
193938	0	1	0	0
193939	0	1	0	0
193940	0	1	0	0
193941	0	1	0	0
193942	0	1	0	0
193943	0	1	0	0
193944	0	1	0	0
193945	0	1	0	
193946	0	1	0	0
193947	0	1	0	0
193948	0	1	0	0
193949	0	1	0	0
193950	0	1	0	0
193951	0	1	0	0
193952	0	1	0	
193953	0	1	0	0
193954	0	1	0	0
193955	0	1	0	0
193956	0	1	0	0
193957	0	1	0	0
193958	0	1	0	0
193959	0	1	0	0
193960	0	1	0	0
193961	0	1	0	0
193962	0	1	0	0
193963	0	1	0	0
193964	0	1	0	0
193965	0	1	0	0
193966	0	1	0	0
193967	0	1	0	0
193968	0	1	0	0
193969	0	1	0	0
193970	0	1	0	0
193971	0	1	0	0
193972	0	1	0	0
193973	0	1	0	0
193974	0	1	0	0
194485	0	1	0	0
194486	0	1	0	0
194487	0	1	0	0
194489	0	1	0	0
194490	0	1	0	0
194491	0	1	0	0
194492	0	1	0	0
194493	0	1	0	0
194494	0	1	0	0
194495	0	1	0	0
194512	0	1	0	0
194513	0	1	0	0
194514	0	1	0	0
194515	0	1	0	0
194697	0	1	0	0
194714	0	1	0	0
194725	0	1	0	0
194741	0	1	0	0
194772	0	1	0	0
194773	0	1	0	0
195347	0	1	0	0
195373	0	1	0	0
195374	0	1	0	0
195428	0	1	0	0
195429	0	1	0	0
195430	0	1	0	0
195431	0	1	0	0
195432	0	1	0	0
195433	0	1	0	0
195434	0	1	0	0
195435	0	1	0	0
195436	0	1	0	0
195437	0	1	0	0
195438	0	1	0	0
195439	0	1	0	0
195440	0	1	0	0
195441	0	1	0	0
195442	0	1	0	0
195443	0	1	0	0
195444	0	1	0	0
195445	0	1	0	0
195446	0	1	0	0
195447	0	1	0	0
195448	0	1	0	0
195449	0	1	0	0
195450	0	1	0	0
195451	0	1	0	0
195452	0	1	0	0
195453	0	1	0	0
195454	0	1	0	0
195514	0	1	0	0
195515	0	1	0	0
195516	0	1	0	0
195517	0	1	0	0
195662	0	1	0	0
195663	0	1	0	0
195664	0	1	0	0
195665	0	1	0	0
195739	0	1	0	0
195740	0	1	0	0
195741	0	1	0	0
195742	0	1	0	0
195743	0	1	0	0
195744	0	1	0	0
195745	0	1	0	0
195746	0	1	0	0
195747	0	1	0	0
195748	0	1	0	0
195761	0	1	0	0
195762	0	1	0	0
195763	0	1	0	0
195764	0	1	0	0
195765	0	1	0	0
195817	0	1	0	0
195818	0	1	0	0
195819	0	1	0	0
195820	0	1	0	0
195821	0	1	0	0
195822	0	1	0	0
195828	0	1	0	0
196550	0	1	0	0
196739	0	1	0	
196740	0	1	0	
196872	0	1	0	
196873	0	1	0	
233289	0	1	0	
233292	0	1	0	
240548	0	1	0	0
240549	0	1	0	0
240550	0	1	0	0
241316	0	1	0	0
246643	1	1	0	0
246820	0	1	0	0
246821	0	1	0	0
248165	0	1		0
248193	1	1	0	0
344735	1	1	1	0
344777	1	1	0	0
346370	1	1	0	0
366098	0	1	0	0
366099	0	1	0	
366240		1		0
366241	0	1	0	0
366276		1		0
366277		1		0
366278	0	1	0	0
366279		1		0
366288		1		0
366289	0	1	0	0
367124	0	1	0	0
367125		1		0
367126	0	1		0
367127	0	1	0	0
367128		1		0
367129	0	1	0	0
367130	0	1	0	0
367132	0	1	0	0
367134	0	1	0	0
367136	0	1	0	0
367137	0	1	0	0
367139		1		
367141	0	1	0	0
368104	0	1	0	0
383272	1	1	0	0
387366	1	1	0	0
438929	0	1	0	0
438930	0	1	0	0
467609	0	1	0	0
467610	0	1	0	0
467611	0	1	0	0
467612	0	1		0
468015	1	1	0	0
468128	1	1	0	0
478579	0	1	0	0
478580	0	1	0	0
478632	0	1	0	0
479052	0	1	0	0
479053	0	1	0	0
479054	0	1	0	0
479140	0	1	0	0
479241	0	1	0	0
479362	0	1	0	0
479363	0	1	0	0
479366	0	1	0	0
479368	0	1	0	0
479372	0	1	0	0
479373	0	1	0	0
479374	0	1	0	0
479375	0	1	0	0
480129	0	1	0	0
480130	0	1	0	0
480131	0	1	0	0
480132	0	1	0	
480133	0	1	0	0
480134	0	1	0	0
480135	0	1	0	0
480136	0	1	0	0
480137	0	1	0	0
480138	0	1	0	0
480139	0	1	0	0
480148	0	1	0	0
480149	0	1	0	0
480150	0	1	0	0
480151	0	1	0	0
480152	0	1	0	0
480153	0	1	0	0
480154	0	1	0	0
555104	0	1	0	0
558412	1	1	0	0
559368	1	1	0	0
559428	1	1	0	0
559437	1	1	0	0
570695	1	1	0	0
570703	1	1	0	0
572871	1	1	0	0
573752	1	1	0	0
574061	0	1	0	0
574062	0	1	0	
574410	1	1	0	0
576769	1	1	0	0
576822	1	1	0	0
577279	0	1	0	0
577280	0	1	0	0
577281	0	1	0	0
577282	0	1	0	0
577283	0	1	0	0
577285	0	1	0	0
577286	0	1	0	0
578744	1	1	0	0
586846	1	1	0	0
590943		1		
594425	0	1	0	0
595036	1	1	0	0
596428	1	1	0	0
597755		1		
597817	0	1	0	0
597818	0	1	0	0
599869	0	1	0	0
605498		1		
607858	0	1	0	0
607950	1	1	0	0
608073	1	1	0	0
710067		1		
711540		1		
711541		1		
714973	1	1	0	0
730998	1	1	0	0
732696	0	1	0	
741256	1	1	0	0
742419	1	1	0	0
746225	0	1	0	0
814734	1	1	0	0
815168	1	1	0	0
815477	0	1	0	0
815639	0	1	0	0
815806	1	1	0	0
815807	1	1	0	0
827523	0	1	0	0
834461	0	1	0	
845508	1	1	0	0
845842	1	1	0	0
848612		1		
848613		1		
850624		1		
863013		1		
